100   28
20100   63
40100   63
60100    9
80100   63
100100   30
120100    9
140100   87
160100   63
180100   45
200100   31
220100   19
240100    9
260100    0
280100   87
300100   74
320100   63
340100   54
360100   45
380100   37
400100   31
420100   24
440100   19
460100   13
480100    9
500100    4
520100    0
540100   94
560100   87
580100   80
600100   74
620100   69
640100   63
660100   58
680100   54
700100   49
720100   45
740100   41
760100   37
780100   34
800100   31
820100   27
840100   24
860100   21
880100   19
900100   16
920100   13
940100   11
960100    9
980100    6
1000100    4
1020100    2
1040100    0
1060100   97
1080100   94
1100100   90
1120100   87
1140100   83
1160100   80
1180100   77
1200100   74
1220100   71
1240100   69
1260100   66
1280100   63
1300100   61
1320100   58
1340100   56
1360100   54
1380100   51
1400100   49
1420100   47
1440100   45
1460100   43
1480100   41
1500100   39
1520100   37
1540100   36
1560100   34
1580100   32
1600100   31
1620100   29
1640100   27
1660100   26
1680100   24
1700100   23
1720100   21
1740100   20
1760100   19
1780100   17
1800100   16
1820100   15
1840100   13
1860100   12
1880100   11
1900100   10
1920100    9
1940100    8
1960100    6
1980100    5
2000100    4
2020100    3
2040100    2
2060100    1
2080100    0
2100100   99
2120100   97
2140100   95
2160100   94
2180100   92
2200100   90
2220100   88
2240100   87
2260100   85
2280100   83
2300100   82
2320100   80
2340100   79
2360100   77
2380100   76
2400100   74
2420100   73
2440100   71
2460100   70
2480100   69
2500100   67
2520100   66
2540100   65
2560100   63
2580100   62
2600100   61
2620100   60
2640100   58
2660100   57
2680100   56
2700100   55
2720100   54
2740100   53
2760100   51
2780100   50
2800100   49
2820100   48
2840100   47
2860100   46
2880100   45
2900100   44
2920100   43
2940100   42
2960100   41
2980100   40
3000100   39
3020100   38
3040100   37
3060100   37
3080100   36
3100100   35
3120100   34
3140100   33
3160100   32
3180100   31
3200100   31
3220100   30
3240100   29
3260100   28
3280100   27
3300100   27
3320100   26
3340100   25
3360100   24
3380100   24
3400100   23
3420100   22
3440100   21
3460100   21
3480100   20
3500100   19
3520100   19
3540100   18
3560100   17
3580100   17
3600100   16
3620100   15
3640100   15
3660100   14
3680100   13
3700100   13
3720100   12
3740100   12
3760100   11
3780100   10
3800100   10
3820100    9
3840100    9
3860100    8
3880100    8
3900100    7
3920100    6
3940100    6
3960100    5
3980100    5
4000100    4
4020100    4
4040100    3
4060100    3
4080100    2
4100100    2
4120100    1
4140100    1
4160100    0
4180100    0
