[ 1014.868377] slab5_actualsz_wstg_plot: inserted
[ 1014.868379] 100   28
[ 1014.868381] 20100   63
[ 1014.868383] 40100   63
[ 1014.868384] 60100    9
[ 1014.868385] 80100   63
[ 1014.868386] 100100   30
[ 1014.868387] 120100    9
[ 1014.868388] 140100   87
[ 1014.868389] 160100   63
[ 1014.868391] 180100   45
[ 1014.868392] 200100   31
[ 1014.868393] 220100   19
[ 1014.868394] 240100    9
[ 1014.868395] 260100    0
[ 1014.868396] 280100   87
[ 1014.868398] 300100   74
[ 1014.868399] 320100   63
[ 1014.868400] 340100   54
[ 1014.868402] 360100   45
[ 1014.868403] 380100   37
[ 1014.868404] 400100   31
[ 1014.868406] 420100   24
[ 1014.868407] 440100   19
[ 1014.868409] 460100   13
[ 1014.868410] 480100    9
[ 1014.868411] 500100    4
[ 1014.868413] 520100    0
[ 1014.868415] 540100   94
[ 1014.868417] 560100   87
[ 1014.868419] 580100   80
[ 1014.868421] 600100   74
[ 1014.868423] 620100   69
[ 1014.868425] 640100   63
[ 1014.868427] 660100   58
[ 1014.868428] 680100   54
[ 1014.868430] 700100   49
[ 1014.868432] 720100   45
[ 1014.868434] 740100   41
[ 1014.868436] 760100   37
[ 1014.868438] 780100   34
[ 1014.868439] 800100   31
[ 1014.868441] 820100   27
[ 1014.868443] 840100   24
[ 1014.868445] 860100   21
[ 1014.868447] 880100   19
[ 1014.868449] 900100   16
[ 1014.868451] 920100   13
[ 1014.868453] 940100   11
[ 1014.868455] 960100    9
[ 1014.868456] 980100    6
[ 1014.868458] 1000100    4
[ 1014.868460] 1020100    2
[ 1014.868462] 1040100    0
[ 1014.868468] 1060100   97
[ 1014.868471] 1080100   94
[ 1014.868474] 1100100   90
[ 1014.868477] 1120100   87
[ 1014.868480] 1140100   83
[ 1014.868483] 1160100   80
[ 1014.868487] 1180100   77
[ 1014.868490] 1200100   74
[ 1014.868493] 1220100   71
[ 1014.868496] 1240100   69
[ 1014.868499] 1260100   66
[ 1014.868502] 1280100   63
[ 1014.868506] 1300100   61
[ 1014.868509] 1320100   58
[ 1014.868512] 1340100   56
[ 1014.868515] 1360100   54
[ 1014.868518] 1380100   51
[ 1014.868521] 1400100   49
[ 1014.868525] 1420100   47
[ 1014.868528] 1440100   45
[ 1014.868531] 1460100   43
[ 1014.868534] 1480100   41
[ 1014.868537] 1500100   39
[ 1014.868540] 1520100   37
[ 1014.868544] 1540100   36
[ 1014.868547] 1560100   34
[ 1014.868550] 1580100   32
[ 1014.868553] 1600100   31
[ 1014.868556] 1620100   29
[ 1014.868559] 1640100   27
[ 1014.868562] 1660100   26
[ 1014.868566] 1680100   24
[ 1014.868569] 1700100   23
[ 1014.868572] 1720100   21
[ 1014.868575] 1740100   20
[ 1014.868578] 1760100   19
[ 1014.868581] 1780100   17
[ 1014.868585] 1800100   16
[ 1014.868588] 1820100   15
[ 1014.868591] 1840100   13
[ 1014.868594] 1860100   12
[ 1014.868597] 1880100   11
[ 1014.868600] 1900100   10
[ 1014.868604] 1920100    9
[ 1014.868607] 1940100    8
[ 1014.868610] 1960100    6
[ 1014.868613] 1980100    5
[ 1014.868616] 2000100    4
[ 1014.868619] 2020100    3
[ 1014.868623] 2040100    2
[ 1014.868626] 2060100    1
[ 1014.868629] 2080100    0
[ 1014.883714] 2100100   99
[ 1014.883723] 2120100   97
[ 1014.883729] 2140100   95
[ 1014.883735] 2160100   94
[ 1014.883741] 2180100   92
[ 1014.883747] 2200100   90
[ 1014.883753] 2220100   88
[ 1014.883759] 2240100   87
[ 1014.883765] 2260100   85
[ 1014.883771] 2280100   83
[ 1014.883778] 2300100   82
[ 1014.883784] 2320100   80
[ 1014.883790] 2340100   79
[ 1014.883796] 2360100   77
[ 1014.883802] 2380100   76
[ 1014.883808] 2400100   74
[ 1014.883814] 2420100   73
[ 1014.883820] 2440100   71
[ 1014.883826] 2460100   70
[ 1014.883832] 2480100   69
[ 1014.883838] 2500100   67
[ 1014.883844] 2520100   66
[ 1014.883850] 2540100   65
[ 1014.883856] 2560100   63
[ 1014.883862] 2580100   62
[ 1014.883869] 2600100   61
[ 1014.883875] 2620100   60
[ 1014.883881] 2640100   58
[ 1014.883887] 2660100   57
[ 1014.883893] 2680100   56
[ 1014.883899] 2700100   55
[ 1014.883905] 2720100   54
[ 1014.883911] 2740100   53
[ 1014.883917] 2760100   51
[ 1014.883923] 2780100   50
[ 1014.883930] 2800100   49
[ 1014.883936] 2820100   48
[ 1014.883942] 2840100   47
[ 1014.883948] 2860100   46
[ 1014.883954] 2880100   45
[ 1014.883960] 2900100   44
[ 1014.883966] 2920100   43
[ 1014.883972] 2940100   42
[ 1014.883978] 2960100   41
[ 1014.883984] 2980100   40
[ 1014.883990] 3000100   39
[ 1014.883996] 3020100   38
[ 1014.884002] 3040100   37
[ 1014.884008] 3060100   37
[ 1014.884014] 3080100   36
[ 1014.884020] 3100100   35
[ 1014.884026] 3120100   34
[ 1014.884032] 3140100   33
[ 1014.884039] 3160100   32
[ 1014.884045] 3180100   31
[ 1014.884051] 3200100   31
[ 1014.884057] 3220100   30
[ 1014.884063] 3240100   29
[ 1014.884069] 3260100   28
[ 1014.884075] 3280100   27
[ 1014.884081] 3300100   27
[ 1014.884087] 3320100   26
[ 1014.884093] 3340100   25
[ 1014.884100] 3360100   24
[ 1014.884106] 3380100   24
[ 1014.884112] 3400100   23
[ 1014.884118] 3420100   22
[ 1014.884124] 3440100   21
[ 1014.884130] 3460100   21
[ 1014.884136] 3480100   20
[ 1014.884142] 3500100   19
[ 1014.884148] 3520100   19
[ 1014.884154] 3540100   18
[ 1014.884160] 3560100   17
[ 1014.884166] 3580100   17
[ 1014.884172] 3600100   16
[ 1014.884179] 3620100   15
[ 1014.884185] 3640100   15
[ 1014.884191] 3660100   14
[ 1014.884197] 3680100   13
[ 1014.884203] 3700100   13
[ 1014.884209] 3720100   12
[ 1014.884215] 3740100   12
[ 1014.884221] 3760100   11
[ 1014.884227] 3780100   10
[ 1014.884233] 3800100   10
[ 1014.884239] 3820100    9
[ 1014.884245] 3840100    9
[ 1014.884251] 3860100    8
[ 1014.884257] 3880100    8
[ 1014.884264] 3900100    7
[ 1014.884270] 3920100    6
[ 1014.884276] 3940100    6
[ 1014.884282] 3960100    5
[ 1014.884288] 3980100    5
[ 1014.884294] 4000100    4
[ 1014.884300] 4020100    4
[ 1014.884306] 4040100    3
[ 1014.884312] 4060100    3
[ 1014.884318] 4080100    2
[ 1014.884324] 4100100    2
[ 1014.884330] 4120100    1
[ 1014.884336] 4140100    1
[ 1014.884342] 4160100    0
[ 1014.884348] 4180100    0
[ 1014.884355] kmalloc fail, size2alloc=4200100
